Test 1 data
6 8 
3 2 1 1 1 2 2 3

Answer:
3
2 4 2
3
----------------------------

Test 2 data
7 25 
1 2 4 1 2 4 1 2 4 1 2 4 1 2 4 1 2 4 1 2 4 1 2 4 7

Answer:
9
3 3 3 3 3 3 3 3 1
0
----------------------------

Test 3 data
10 50 
3 3 3 3 3 3 3 3 3 3 3 
5 5 5 5 5 5 5 5 5 5 5
1 1 1 1 1 1 1 1 1 1 1
2 2 2 2 2 2 2 2 2 2 2 
5 7 9 9 7 5 7 5 3 5 7 

Answer:
19
3 3 3 2 2 2 2 2 2 5 8 4 4 3 1 1 1 1 1 
75
---------------------------------------------

Test 4 data
13 100 
1 2 4 1 2 4 1 2 4 1 2 4 1 2 4 1 2 4 1 2 4 1 2 4 7
1 2 3 4 5 6 7 8 9 10 11 12 13
1 2 3 4 5 6 7 8 9 10 11 12 13
13 12 11 10 9 8 7 6 5 4 3 2 1
13 12 11 10 9 8 7 6 5 4 3 2 1
5 5 5 5 5 5 5 5 5 5 
9 9 9 9 9 9 9 9 9 9
7 7 7 

Answer:
58
5 5 5 5 4 3 3 2 1 1 1 1 1 1 4 2 1 1 1 1 1 1 1 1 1 1 1 1 1 1 2 4 1 1 1 1 1 1 2 3 4 2 2 2 2 1 1 1 1 1 1 1 1 1 1 1 1 1 
656
---------------------------------------------------
